[[-4.76850159e+02 -4.76850159e+02 -4.52177979e+02 -1.57127563e+02
  -3.11261635e+01 -1.02279205e+01 -2.63739395e+00  1.29309428e+00
  -7.54341698e+00 -1.26452141e+01 -8.31277847e+00 -1.49529076e+01
  -2.39432812e+01 -3.16486378e+01 -4.56872749e+01 -5.98466034e+01
  -6.94872360e+01 -7.28147354e+01 -7.79656982e+01 -8.57333755e+01
  -9.39174500e+01 -1.06896049e+02 -1.15445518e+02 -1.26705406e+02
  -1.35413086e+02 -1.40265030e+02 -1.48036804e+02 -1.53688461e+02
  -1.62451431e+02 -1.72258957e+02 -1.76876068e+02 -1.87890625e+02
  -1.94914597e+02 -2.03858871e+02 -2.16361786e+02 -2.18925720e+02
  -2.19122742e+02 -2.26314728e+02 -2.32883865e+02 -2.37608826e+02
  -2.45090378e+02 -2.56530762e+02 -2.63026978e+02 -2.62613495e+02
  -2.70318695e+02 -2.74736237e+02 -2.74614197e+02 -2.72674835e+02
  -2.74133698e+02 -2.76974030e+02 -2.87547546e+02 -2.89365692e+02
  -2.27501541e+02 -1.81492416e+02 -2.54832474e+02]
 [ 0.00000000e+00  0.00000000e+00  2.91082363e+01  1.77090210e+02
   1.41269592e+02  1.20761597e+02  9.85132294e+01  9.48416595e+01
   8.89313965e+01  9.02029419e+01  9.64843979e+01  1.02039520e+02
   1.08549164e+02  1.09900360e+02  1.13521492e+02  1.23476799e+02
   1.26177513e+02  1.26637642e+02  1.26757355e+02  1.30307053e+02
   1.38870728e+02  1.38689819e+02  1.38823853e+02  1.43436157e+02
   1.47119217e+02  1.51269028e+02  1.57342712e+02  1.65686340e+02
   1.71892380e+02  1.70868271e+02  1.71781082e+02  1.72165695e+02
   1.76760864e+02  1.81284622e+02  1.81375977e+02  1.82955536e+02
   1.85097748e+02  1.85655609e+02  1.86669540e+02  1.91121674e+02
   1.89309479e+02  1.82887695e+02  1.81598022e+02  1.85132202e+02
   1.85471771e+02  1.82697632e+02  1.85920715e+02  1.89554169e+02
   1.85189545e+02  1.80166840e+02  1.78996475e+02  1.79492371e+02
   1.58672150e+02  1.34966782e+02  1.24065582e+02]
 [ 0.00000000e+00  0.00000000e+00  1.59327526e+01  1.75250511e+01
   2.70819664e+01  3.58512611e+01  3.18680515e+01  2.83680382e+01
   2.18973351e+01  1.79807510e+01  1.74673424e+01  1.52445068e+01
   1.77147064e+01  2.24960709e+01  2.62169800e+01  3.18390312e+01
   3.46096573e+01  2.58119202e+01  2.07332840e+01  2.03085423e+01
   2.35914230e+01  2.27588577e+01  1.69636402e+01  1.91659260e+01
   1.84360733e+01  1.48457050e+01  1.21509800e+01  1.71520844e+01
   2.49112530e+01  2.41765900e+01  2.77211304e+01  2.98416481e+01
   3.00741158e+01  3.11412277e+01  3.42734070e+01  3.34349327e+01
   3.22660904e+01  3.62313004e+01  3.83787308e+01  4.48440323e+01
   4.52455978e+01  4.43856354e+01  4.78406868e+01  5.05908661e+01
   5.54090729e+01  5.64321213e+01  6.07424393e+01  6.46916656e+01
   6.31472244e+01  6.27010956e+01  6.74730225e+01  6.67479095e+01
   4.99779282e+01  3.36497154e+01  2.57947598e+01]
 [ 0.00000000e+00  0.00000000e+00  4.16836071e+00  1.17845020e+01
   1.86790657e+01  2.18889961e+01  2.21083145e+01  2.67896996e+01
   3.25181046e+01  3.43095551e+01  3.64903183e+01  3.69842300e+01
   3.65793991e+01  3.44628296e+01  3.32447853e+01  3.34473648e+01
   4.59207077e+01  4.88345871e+01  5.38117561e+01  5.09036331e+01
   4.91366196e+01  4.94682541e+01  5.16353645e+01  5.85611839e+01
   6.53036499e+01  6.25492516e+01  5.47288513e+01  5.79528275e+01
   6.31551285e+01  6.08710556e+01  5.83819504e+01  5.68984299e+01
   5.73124008e+01  5.32554321e+01  5.86878967e+01  5.95875931e+01
   5.35581512e+01  5.36688919e+01  4.93483887e+01  4.73757172e+01
   4.67901878e+01  4.63027115e+01  4.89875298e+01  4.86402588e+01
   4.50785065e+01  4.21578751e+01  3.87444572e+01  4.19518471e+01
   4.75248566e+01  5.22607651e+01  4.80834579e+01  4.55015182e+01
   5.21292458e+01  4.00024033e+01  3.19323521e+01]
 [ 0.00000000e+00  0.00000000e+00 -3.30941021e-01 -1.62264194e+01
  -2.07897816e+01 -1.44629803e+01 -1.14855433e+00  2.15855598e+00
   9.18973351e+00  1.82821579e+01  1.77413425e+01  1.40800362e+01
   1.45572367e+01  1.42112646e+01  1.00837297e+01  1.64463387e+01
   2.18466587e+01  1.38151112e+01  1.23008747e+01  1.17124348e+01
   1.43126745e+01  1.44804163e+01  1.78697014e+01  1.78865795e+01
   1.16591415e+01  1.35545425e+01  1.33482075e+01  1.86799889e+01
   2.07923088e+01  2.32347507e+01  2.04126053e+01  1.91428280e+01
   2.38094826e+01  1.96116714e+01  2.43384094e+01  2.86987152e+01
   2.71113625e+01  2.86471062e+01  2.89900093e+01  3.08981209e+01
   3.50396118e+01  3.94270325e+01  4.39874344e+01  4.55447235e+01
   4.48241806e+01  3.70943489e+01  3.14670105e+01  3.23436241e+01
   3.32598190e+01  3.18873386e+01  3.32074890e+01  3.69008789e+01
   2.92867508e+01  1.99118042e+01  1.51993084e+01]
 [ 0.00000000e+00  0.00000000e+00  1.05716455e+00  9.45704651e+00
   1.22172050e+01  1.65621510e+01  2.11521645e+01  2.47358646e+01
   2.92252922e+01  3.28131409e+01  2.76310940e+01  1.89663258e+01
   2.18098183e+01  2.12312241e+01  1.97079220e+01  3.00999622e+01
   2.60484581e+01  1.60625381e+01  2.34946098e+01  2.94645309e+01
   3.35175171e+01  3.01441879e+01  3.29096413e+01  3.26129074e+01
   2.51385117e+01  2.28160934e+01  2.69312897e+01  2.72590027e+01
   2.73370457e+01  3.34498711e+01  3.33239021e+01  2.87337799e+01
   2.94902534e+01  2.56709175e+01  1.91169186e+01  1.73628521e+01
   1.74903221e+01  2.29154243e+01  2.49461212e+01  2.59346466e+01
   2.75712318e+01  2.57043839e+01  2.42300529e+01  2.62246399e+01
   2.84567261e+01  2.54896240e+01  2.68292522e+01  2.44647312e+01
   1.90482407e+01  1.43707914e+01  1.77996941e+01  1.91075974e+01
   2.44040451e+01  2.03890266e+01  1.61866455e+01]
 [ 0.00000000e+00  0.00000000e+00  2.36411214e+00  1.03914175e+01
   8.35338306e+00  1.16199207e+01  6.49222279e+00  1.18890810e+00
   1.53055811e+00  1.94749844e+00 -6.12400484e+00 -5.82225513e+00
  -2.19832897e+00 -1.22924817e+00 -1.61596537e-02  9.71468091e-02
  -3.82795763e+00 -6.84057903e+00 -3.17779446e+00  6.58609033e-01
   3.59839559e+00 -1.71216607e-01  4.84712648e+00  4.81674671e+00
   3.04864669e+00 -2.86615324e+00 -1.03132915e+00  6.80742359e+00
   7.97129059e+00  8.53823853e+00  1.02818441e+01  1.04018269e+01
   6.92960978e+00  8.60390472e+00  9.02295589e+00  1.20404224e+01
   1.10586796e+01  1.22951260e+01  1.66843681e+01  1.58326340e+01
   1.80007553e+01  1.59492655e+01  1.14013433e+01  1.51104345e+01
   1.67678604e+01  1.72693901e+01  1.72979317e+01  1.61092262e+01
   1.58998833e+01  1.66194038e+01  1.71956711e+01  1.12460575e+01
   1.11624508e+01  1.03072205e+01  9.63239861e+00]
 [ 0.00000000e+00  0.00000000e+00 -5.92053831e-01  1.73300209e+01
   2.33702412e+01  2.09317513e+01  1.50441561e+01  9.97989178e+00
   9.40413857e+00  1.05408945e+01  5.85181618e+00  4.59425259e+00
   9.88465691e+00  1.13302565e+01  1.26295376e+01  1.11170912e+01
   7.85086823e+00  8.15864563e+00  1.36232319e+01  1.67657375e+01
   1.63566093e+01  1.15390844e+01  1.16883736e+01  6.77003479e+00
   4.80065441e+00  6.53544331e+00  8.48251915e+00  9.85438061e+00
   7.49813271e+00  9.67819595e+00  1.08073673e+01  1.12602692e+01
   7.39220619e+00  6.00387383e+00  1.80687308e+00  1.52884150e+00
  -4.22236395e+00 -1.18303108e+01 -6.67624378e+00 -4.24933243e+00
  -3.45623350e+00 -6.61824703e-01 -1.18940437e+00  3.10032010e+00
   3.13430643e+00 -5.79929471e-01 -5.11480522e+00 -3.09180069e+00
  -1.09447300e+00  5.71235418e-02  3.02647638e+00  1.84897900e-01
   6.31067181e+00  1.14451141e+01  1.12644548e+01]
 [ 0.00000000e+00  0.00000000e+00 -6.47383356e+00 -2.42046785e+00
  -8.49598050e-01 -1.27925658e+00 -3.12940669e+00 -2.24815607e+00
  -6.20003343e-01 -1.80458796e+00  2.47502017e+00  2.57860970e+00
   1.34786427e-01  9.15913582e-01  4.03251266e+00 -2.07810879e-01
  -4.14354897e+00 -4.22001410e+00 -6.03539324e+00 -3.91685915e+00
  -5.77728748e+00 -3.69261265e+00  3.90494406e-01 -1.82286048e+00
  -1.31906700e+00  1.92530751e+00  1.09987032e+00  2.79136509e-01
  -3.03607583e+00  8.89689565e-01  2.90715885e+00  3.54715872e+00
   5.50931072e+00  8.01883602e+00  1.10394163e+01  8.00941658e+00
   2.54239702e+00  3.54648209e+00  5.09809303e+00  4.95245075e+00
   3.85682154e+00  2.16938877e+00  4.06513214e+00  4.64633656e+00
   3.04943323e+00  2.18944049e+00 -3.34150791e-01  9.80924606e-01
  -1.95854306e+00 -2.71950650e+00 -6.16247296e-01 -5.85047901e-01
  -9.97343510e-02  3.00394726e+00  5.27871227e+00]
 [ 0.00000000e+00  0.00000000e+00 -1.04545574e+01  9.09288216e+00
   7.27949286e+00  3.96589994e+00  4.00406933e+00  1.23081293e+01
   1.54403582e+01  6.19733763e+00  5.88947201e+00  1.31117086e+01
   1.20300198e+01  1.15732994e+01  1.46175804e+01  8.78191948e+00
   3.93333817e+00  1.12070904e+01  1.49823685e+01  9.96924400e+00
   6.82383490e+00  1.08375425e+01  1.03861198e+01  1.09292278e+01
   8.06019974e+00  2.80554461e+00  6.45859623e+00  7.16902542e+00
   9.46881676e+00  6.96464157e+00  5.65075207e+00  4.56336498e+00
   2.37092829e+00  3.44076371e+00  3.53568625e+00  1.54668951e+00
   3.72289371e+00  7.58724976e+00  8.45058632e+00  2.49505091e+00
   7.26695001e-01  3.05021018e-01  3.29266548e+00  2.52770424e+00
   4.73644829e+00  7.75210857e+00  6.25994015e+00  2.56586218e+00
  -3.21138412e-01  2.75366497e+00  6.86976910e+00  4.15714073e+00
   2.34031916e+00  7.01497507e+00  8.59915924e+00]
 [ 0.00000000e+00  0.00000000e+00 -9.25370216e+00 -4.67769623e+00
  -5.07217693e+00  2.94810987e+00  9.77202415e+00  7.93674850e+00
   6.35182476e+00  9.04759288e-01  3.36876774e+00  8.81223869e+00
   4.96052837e+00  3.75950038e-01  2.35265231e+00  4.11613494e-01
  -1.82384670e+00  1.75976372e+00  5.45924950e+00  4.14433527e+00
  -5.08414567e-01  2.00140309e+00  2.89171815e-01 -3.38699865e+00
  -3.74237967e+00 -8.11374009e-01  3.48994470e+00  1.90245891e+00
   1.55246317e-01  3.50973129e+00  3.32288694e+00  1.00560951e+00
   6.34111786e+00  1.04509468e+01  4.85311127e+00  6.13676965e-01
   4.77367973e+00  7.07315063e+00  6.14053011e+00  2.77772713e+00
  -5.72836101e-01  6.20242476e-01  4.47341442e+00  1.60737193e+00
   9.79346275e-01  3.39458299e+00  2.47597790e+00 -4.23606348e+00
  -2.72094250e+00  1.48186052e+00  4.59921837e+00  2.46076727e+00
  -2.31960201e+00  1.60962629e+00  4.94176006e+00]
 [ 0.00000000e+00  0.00000000e+00 -3.98871374e+00 -1.79712701e+00
   5.91491127e+00  6.18640089e+00  7.64888811e+00  1.01508160e+01
   8.79941845e+00  9.04886436e+00  1.12477932e+01  9.03114510e+00
   8.91339302e+00  1.16900091e+01  1.04458494e+01  7.73241997e+00
   1.39299955e+01  1.74057045e+01  1.69429932e+01  1.28076239e+01
   1.27119865e+01  1.26085377e+01  1.00304699e+01  1.52769489e+01
   1.34605141e+01  4.88424873e+00  1.82979059e+00  7.19373894e+00
   6.23425627e+00  2.52802610e+00  3.33010244e+00  5.93156815e+00
   7.78484964e+00  3.33040762e+00  4.98540783e+00  5.82327938e+00
   1.21074657e+01  1.25694218e+01  7.96171379e+00  8.67903709e+00
   7.04773998e+00  7.24049091e+00  1.01442566e+01  5.78486633e+00
   4.45388913e-01  7.51278877e+00  7.80281496e+00  2.80085063e+00
   7.55899715e+00  6.86559486e+00  3.42662501e+00  5.68884087e+00
   1.67730689e+00  5.64945650e+00  7.19675827e+00]
 [ 0.00000000e+00  0.00000000e+00  1.41493750e+00  2.42467141e+00
   3.63671565e+00  2.96131086e+00  5.79055452e+00  1.56123877e+00
  -3.89506507e+00 -4.25467253e+00 -2.27088451e+00 -5.50534153e+00
  -6.26633072e+00 -6.22203159e+00 -6.98315334e+00 -5.61458683e+00
   2.58172512e+00  4.81026411e+00  2.63719749e+00 -3.91760731e+00
  -1.93911636e+00  2.58780479e-01 -1.23334193e+00  3.04046226e+00
   2.27873230e+00  2.87787259e-01  2.37007141e+00  1.17584431e+00
   1.02041781e+00  3.96937943e+00  1.24817383e+00  3.12230372e+00
   6.78463030e+00  7.38221741e+00  5.76060057e+00  3.40335822e+00
   7.58679008e+00  7.03297424e+00  2.05996990e+00 -1.58883381e+00
   3.65694463e-01  5.89835215e+00  3.05722141e+00  6.73429847e-01
  -2.72802949e-01  4.84519291e+00  3.77799487e+00  9.92050409e-01
   4.66031551e+00  2.06526136e+00  2.07457018e+00  6.76637745e+00
   8.50598931e-01  2.24008894e+00  4.57822800e+00]
 [ 0.00000000e+00  0.00000000e+00  3.91205645e+00  9.45166588e+00
   9.36637497e+00  6.51338291e+00  3.72647476e+00  2.24383330e+00
   5.81896257e+00  7.37201548e+00  3.75366163e+00  5.94259357e+00
   9.87558746e+00  6.71719027e+00  6.49617386e+00  4.81606627e+00
   8.45844364e+00  1.00439281e+01  5.28153372e+00  2.78567219e+00
   4.50104475e-02  1.78961372e+00  6.08760834e+00  8.51673126e+00
   7.89985991e+00  9.16620827e+00  9.25994968e+00  6.52765083e+00
   4.01996994e+00  3.96732426e+00  1.72080851e+00 -2.81828594e+00
  -1.25141764e+00  6.47634208e-01  3.16487789e+00 -4.00081038e-01
   5.81272125e-01  4.30014515e+00 -4.04978961e-01 -4.40304470e+00
  -9.91711020e-01  4.13803911e+00  1.63984680e+00 -4.09888387e-01
  -1.31520700e+00 -1.55129969e+00 -3.73673058e+00 -1.14258051e+00
  -7.18057156e-01 -1.67692947e+00  1.36906207e+00  4.27323627e+00
   8.49206984e-01  2.56862473e+00  2.80317068e+00]
 [ 0.00000000e+00  0.00000000e+00  3.32702875e+00 -7.85133839e+00
  -3.84209442e+00 -2.94089723e+00 -3.73044634e+00 -3.92811775e+00
  -4.85883087e-01  4.14728069e+00 -2.05444431e+00  6.24449253e-02
   4.25506783e+00  1.08755040e+00 -1.93507504e+00 -1.24223256e+00
   3.97757101e+00  4.25406265e+00 -1.55479312e+00  4.62526226e+00
   1.86049652e+00 -3.10394192e+00 -3.03764963e+00  4.82037354e+00
   6.07835579e+00  5.58913612e+00  7.42417145e+00  9.16965580e+00
   1.07246132e+01  7.04850674e+00  6.29591942e+00  6.26073551e+00
   3.47789836e+00  2.33079338e+00  2.75340509e+00  4.26117325e+00
   4.13348675e+00  6.63919163e+00  3.62949896e+00  5.23384905e+00
   1.88934481e+00  5.03550231e-01  2.98328710e+00  2.28718114e+00
   3.08047235e-03  1.43510294e+00 -5.28580308e-01  4.30644608e+00
   6.26398897e+00  6.82947540e+00  5.85837173e+00  4.76652956e+00
   1.32995379e+00  3.58420104e-01  1.03620243e+00]
 [ 0.00000000e+00  0.00000000e+00  1.38078225e+00 -3.88720894e+00
   2.04198241e-01  4.12176609e+00  7.64703655e+00  7.79674864e+00
   8.38966751e+00  9.40872002e+00  5.81809330e+00  1.09579916e+01
   1.11176014e+01  8.40144157e+00  7.83487606e+00  1.17272139e+01
   9.09561157e+00  5.83654785e+00  8.69152451e+00  1.46371880e+01
   1.53903208e+01  1.20719090e+01  6.78879738e+00  5.22134924e+00
   1.22206573e+01  1.52752171e+01  1.22139225e+01  3.28404784e+00
   7.02637553e-01  3.06267309e+00  2.67168665e+00  6.01382256e+00
   7.54349041e+00  8.17119217e+00  4.84231377e+00  7.01849079e+00
   6.05489540e+00  4.96056366e+00  3.16001177e+00  6.64098263e+00
   5.92684555e+00  4.99886990e+00  4.08045578e+00  5.78408527e+00
   7.35134411e+00  3.83349991e+00  3.47582531e+00  3.17799520e+00
   5.66878271e+00  6.00755882e+00  4.98657608e+00  2.39969993e+00
   2.64333653e+00  2.92701149e+00  1.60166192e+00]
 [ 0.00000000e+00  0.00000000e+00 -3.63463819e-01  9.27266312e+00
   7.34402037e+00  6.06859684e+00  1.32822895e+00  1.23515236e+00
   1.40174019e+00 -2.41692948e+00 -1.31001234e-01  3.46420074e+00
   9.89172101e-01 -1.41027117e+00  1.75562191e+00  1.34464955e+00
   4.37611520e-01  1.09894586e+00  1.25900078e+00  2.99021626e+00
   1.83937931e+00  2.75046676e-01  2.67838478e+00  4.32448196e+00
   3.46343803e+00  6.62659264e+00  6.65233898e+00  2.16485095e+00
   5.95980978e+00  4.45891142e+00  9.31972980e-01  2.72439671e+00
   4.46047163e+00  4.43898869e+00  2.42266464e+00  5.97469997e+00
   5.51083565e+00  1.27137446e+00  1.58721256e+00  5.94023407e-01
   5.91102219e+00  9.74708080e+00  7.40411091e+00  8.79341030e+00
   9.73434162e+00  3.01116276e+00  5.47581053e+00  7.47383928e+00
   5.48335886e+00  2.68660522e+00  2.33550406e+00  2.38179874e+00
   2.60848665e+00 -1.20892376e-01 -9.14507270e-01]
 [ 0.00000000e+00  0.00000000e+00 -1.35080051e+00 -6.37330961e+00
   4.61251855e-01  2.65669155e+00 -2.15435314e+00 -6.29066348e-01
   3.65599179e+00  2.47834992e+00  4.25554609e+00  6.45603418e+00
   6.59174395e+00  4.66531658e+00  7.09945965e+00  1.05272636e+01
   6.70647287e+00  6.51647091e+00  2.97667050e+00 -3.11802435e+00
  -4.40486431e+00 -1.65132475e+00  6.09784889e+00  6.87801933e+00
   3.10177207e+00  1.13053808e+01  1.27229462e+01  8.75648499e+00
   6.94373178e+00  4.66987133e+00  4.05457735e+00  1.23705104e-01
   3.08228493e+00  6.50043964e+00  3.23520994e+00  5.73879194e+00
   6.15624046e+00  3.73500347e+00  4.26315594e+00  4.85988557e-01
   3.77514631e-01  3.95998025e+00  4.57663822e+00  4.83709526e+00
   3.84822583e+00  1.96640038e+00  4.84919214e+00  9.33240223e+00
   6.41531610e+00  5.99258804e+00  5.52983475e+00  5.87088537e+00
   5.39624357e+00  2.73448849e+00 -2.67979592e-01]
 [ 0.00000000e+00  0.00000000e+00 -1.48397636e+00  7.75187761e-02
  -3.23938417e+00  4.41543102e-01  6.08814430e+00  6.80857944e+00
   6.60083389e+00 -3.12593722e+00 -2.87761545e+00 -5.81892610e-01
  -4.46489811e+00 -3.49142838e+00  2.42000198e+00  3.25879025e+00
   2.63324499e+00  1.12469435e-01 -1.03368878e+00 -3.06997728e+00
  -3.09472513e+00  2.12926555e+00  5.90989876e+00  5.05946112e+00
   5.18604660e+00  3.86587715e+00  2.60595965e+00  4.35082388e+00
   7.63698626e+00  3.05362868e+00  6.24361610e+00  7.49439430e+00
   8.73492050e+00  6.16804171e+00  5.77257061e+00  5.73550606e+00
   4.67445183e+00  5.86590004e+00  5.24463940e+00  1.86543763e+00
   1.83929992e+00  5.14963007e+00  6.21997070e+00  5.28783751e+00
   4.30351067e+00  2.62572527e+00  2.96328068e+00  2.10910153e+00
   2.03879857e+00  8.51059341e+00  9.12841797e+00  8.06542206e+00
   5.75069237e+00  1.77826810e+00 -2.77037740e-01]
 [ 0.00000000e+00  0.00000000e+00 -6.25059724e-01  1.12865992e+01
   6.38832474e+00  3.04221058e+00  3.75580001e+00  7.58994579e+00
   4.78916597e+00  2.82474327e+00  6.60324335e+00  4.05790138e+00
   3.70994949e+00  3.76906991e+00  6.40465546e+00  7.59417248e+00
   6.44318295e+00  3.86822701e+00  4.09434986e+00  9.15604210e+00
   7.94269657e+00  8.00661850e+00  7.58365631e+00  2.85031128e+00
   6.56303358e+00  7.11279535e+00  6.97911739e+00  4.18680334e+00
  -5.68305016e-01  2.07440138e+00  3.65249372e+00  4.00043821e+00
   6.37982130e+00  9.69935322e+00  7.10611916e+00  4.74782705e+00
   5.83751488e+00  8.83299828e+00  7.78199291e+00  8.51985693e-01
   1.84426033e+00  8.98604679e+00  7.07155895e+00  5.45643425e+00
   4.15144062e+00  2.56765556e+00  3.10051250e+00  2.18904448e+00
   4.24112225e+00  9.46597004e+00  7.60338497e+00  8.81696987e+00
   6.01698780e+00  4.96439648e+00  1.53487730e+00]]